53617
159318
159830
188826
209936
250184
257718
264918
265172
272144
278987
280016
285581
286692
287272
304024
316507
331436
333078
333972
335555
338089
339738
340142
341867
342095
350064
351727
354551
355434
355890
356185
357880
358166
363250
363308
363347
364117
364126
364179
364226
364974
365334
366211
366527
366558
367553
367926
368015
368369
368850
369172
369386
369402
369410
369610
369924
370087
370160
370469
371064
371323
371597
373400
374378
374904
374993
375246
375876
377883
377909
377923
377936
377943
378011
378542
378679
378821
379050
379130
379169
379689
379701
379710
379731
379804
379963
380158
380240
380263
380293
380341
380342
380487
380789
381086
381125
381211
381694
381702
382349
382952
383201
383318
383475
384101
384267
384309
384518
384935
385448
385652
385736
385860
386144
386287
386520
386873
386906
387258
387360
387657
388774
389342
390262
391759
391764
391766
391791
391804
391819
391973
391974
391975
391979
391980
391985
392001
392010
392012
392060
392065
392071
392089
392095
392097
392101
392107
392111
392145
392154
392251
392288
392291
392418
392500
392579
392592
392606
392607
392617
392619
392628
392634
392636
392693
392737
392791
392793
392870
392901
392911
392913
393000
393236
393253
393255
393256
393257
393258
393286
393326
393334
393358
393497
393502
393505
393529
393556
393571
393574
393576
393632
393727
393736
393755
393766
393769
393770
393778
393801
393808
393823
393856
394013
394019
394029
394055
394077
394105
394123
394129
394133
394162
394163
394188
394241
394298
394303
394305
394306
394320
394331
394364
394374
394384
394404
394423
394436
394451
394455
394472
394483
394494
394505
394523
394559
394603
394609
394626
394694
394715
394749
394754
394755
394841
394853
394903
394914
394943
395001
395037
395052
395109
395112
395262
395265
395278
395332
395352
395383
395385
395388
395401
395416
395469
395504
395510
395580
395581
395659
395697
395726
395814
395921
395936
395963
396137
396141
396172
396194
396339
396344
396394
396498
396643
396661
396673
396677
396752
396917
396922
396953
396954
396996
397028
397045
397057
397065
397076
397100
397174
397253
397284
397292
397417
397538
397606
397609
397714
397773
397847
397872
397885
397969
397984
398092
398105
398134
398197
398204
398244
398251
398289
398373
398475
398477
398570
398571
398607
398670
398831
399024
399057
399112
399202
399322
399401
399426
399441
399500
399552
399698
399783
399790
399822
399851
399880
399916
399934
400027
400119
400137
400389
400562
400579
400755
400810
400874
400985
400990
401013
401057
401149
401228
401394
401488
401519
401600
401711
401752
401785
401853
401895
402119
402148
402165
402241
402437
402468
402516
402931
403011
403012
403114
403166
403282
403389
403414
403428
403500
403679
403738
403943
403965
403999
404010
404037
404048
404181
404414
404618
404880
405075
405294
405315
405712
407599
408003
408004
408005
408006
408007
408008
408009
408010
408011
408012
408013
408014
408015
408016
408017
408019
408020
408021
408022
408023
408024
408025
408026
408027
408028
408029
408030
408031
408032
408033
408034
408035
408036
408037
408038
408039
408040
408041
408043
408044
408045
408046
408047
408048
408049
408050
408051
408052
408053
408054
408055
408056
408057
408058
408059
408060
408061
408062
408063
408064
408065
408066
408067
408068
408069
408070
408071
408072
408073
408074
408075
408076
408077
408078
408079
408080
408081
408082
408083
408084
408086
408087
408089
408090
408091
408092
408093
408094
408095
408096
408097
408098
408099
408100
408101
408102
408103
408104
408105
408106
408107
408108
408109
408110
408111
408112
408113
408114
408115
408116
408117
408118
408119
408120
408121
408122
408123
408124
408125
408126
408127
408128
408129
408130
408131
408132
408133
408134
408135
408136
408137
408138
408139
408140
408141
408143
408144
408145
408146
408147
408148
408149
408150
408151
408152
408153
408154
408155
408156
408157
408158
408159
408160
408161
408162
408163
408164
408165
408166
408167
408168
408169
408170
408171
408172
408173
408174
408175
408176
408177
408178
408179
408180
408181
408182
408183
408184
408185
408186
408187
408188
408189
408190
408191
408192
408193
408194
408195
408196
408197
408198
408199
408200
408201
408202
408203
408204
408205
408206
408207
408208
408209
408210
408211
408212
408214
408215
408216
408217
408218
408219
408220
408221
408222
408223
408224
408225
408226
408227
408228
408229
408230
408231
408232
408233
408234
408235
408236
408237
408238
408239
408240
408241
408242
408243
408244
408245
408246
408247
408248
408249
408250
408251
408252
408253
408254
408255
408256
408257
408258
408259
408260
408261
408262
408263
408264
408265
408266
408267
408268
408269
408270
408271
408272
408273
408274
408275
408276
408277
408278
408279
408280
408281
408282
408283
408284
408285
408286
408287
408288
408289
408290
408291
408292
408293
408294
408295
408296
408297
408298
408299
408300
408301
408302
408303
408304
408305
408306
408307
408308
408309
408310
408311
408312
408313
408314
408315
408316
408317
408318
408319
408320
408321
408322
408323
408324
408325
408326
408327
408328
408329
408330
408331
408332
408333
408334
408335
408336
408337
408338
408339
408340
408341
408342
408343
408344
408345
408346
408347
408348
408349
408350
408351
408352
408353
408354
408355
408356
408357
408358
408359
408360
408361
408362
408363
408364
408365
408366
408367
408368
408369
408370
408371
408372
408373
408374
408375
408376
408377
408378
408379
408380
408381
408382
408383
408384
408385
408386
408387
408388
408389
408390
408391
408392
408393
408394
408395
408396
408397
408398
408399
408400
408401
408402
408403
408404
408405
408406
408407
408408
408409
408410
408411
408412
408413
408414
408415
408416
408417
408418
408419
408420
408421
408422
408423
408424
408425
408426
408427
408428
408429
408430
408431
408432
408433
408434
408435
408436
408437
408438
408439
408440
408441
408442
408443
408444
408445
408446
408447
408448
408449
408450
408452
408453
408454
408455
408456
408457
408458
408459
408460
408461
408462
408463
408464
408465
408466
408467
408468
408469
408470
408472
408473
408474
408475
408476
408477
408478
408479
408480
408481
408482
408483
408484
408485
408486
408487
408488
408489
408490
408492
408493
408494
408495
408496
408497
408498
408499
408500
408501
408502
408503
408504
408505
408506
408507
408508
408509
408510
408511
408512
408513
408514
408515
408516
408517
408518
408519
408520
408521
408522
408523
408524
408525
408526
408527
408528
408529
408530
408531
408532
408533
408534
408535
408536
408537
408538
408539
408540
408541
408542
408543
408544
408545
408546
408547
408548
408549
408550
408551
408552
408553
408554
408555
408556
408557
408558
408559
408560
408561
408562
408563
408564
408565
408566
408567
408568
408569
408570
408571
408572
408573
408574
408575
408576
408577
408578
408579
408580
408581
408582
408583
408584
408585
408586
408587
408588
408589
408590
408591
408592
408593
408594
408595
408596
408597
408598
408599
408600
408601
408602
408604
408605
408606
408607
408608
408609
408610
408611
408612
408613
408614
408615
408616
408617
408618
408619
408620
408621
408622
408623
408624
408625
408626
408627
408628
408629
408630
408631
408632
408633
408634
408635
408636
408637
408638
408639
408640
408641
408642
408643
408644
408645
408646
408647
408648
408649
408650
408651
408652
408653
408654
408655
408656
408657
408658
408659
408660
408661
408662
408663
408664
408665
408666
408667
408668
408669
408670
408671
408672
408673
408674
408675
408676
408677
408678
408679
408680
408681
408682
408683
408684
408685
408686
408687
408688
408689
408690
408691
408692
408693
408694
408695
408696
408697
408698
408699
408700
408701
408702
408703
408704
408705
408706
408707
408708
408709
408710
408711
408712
408713
408714
408715
408716
408717
408718
408719
408720
408721
408722
408723
408724
408725
408726
408727
408728
408729
408730
408731
408732
408733
408734
408735
408736
408737
408738
408739
408740
408741
408742
408743
408744
408745
408746
408747
408748
408749
408750
408751
408752
408753
408754
408755
408757
408758
408759
408760
408762
408763
408764
408765
408766
408767
408768
408769
408771
408772
408773
408774
408775
408776
408777
408778
408779
408780
408781
408782
408783
408784
408785
408786
408787
408788
408789
408790
408791
408792
408793
408794
408795
408796
408797
408798
408799
408800
408801
408802
408803
408804
408805
408806
408807
408808
408809
408810
408811
408812
408813
408814
408815
408816
408817
408818
408819
408820
408821
408822
408823
408824
408825
408826
408827
408828
408829
408830
408831
408832
408833
408834
408835
408836
408837
408838
408839
408840
408841
408842
408843
408844
408845
408846
408847
408848
408849
408850
408851
408852
408853
408854
408855
408856
408857
408858
408859
408860
408861
408862
408863
408864
408865
408866
408867
408868
408869
408870
408871
408872
408873
408874
408875
408876
408877
408878
408879
408880
408881
408882
408883
408884
408885
408886
408887
408888
408890
408891
408892
408893
408894
408895
408896
408897
408898
408899
408900
408901
408902
408903
408904
408905
408906
408907
408908
408909
27984
91558
118640
119993
181605
196212
235051
243006
257066
265223
268308
279891
281166
285020
288221
288675
290365
304109
305592
311631
318383
318435
319135
319499
320456
321004
322595
323865
324534
324760
326797
330937
333936
334036
334134
334426
334484
334532
334554
334659
335710
336441
337926
338237
338642
339657
341186
342135
342515
343661
344372
344629
345150
345860
346549
347013
347965
348260
348325
348693
349794
350016
351011
352374
353284
353846
353989
354416
354984
355660
356924
357765
359150
359416
363286
363290
363298
363642
364435
364884
364972
365043
365056
365202
365239
365276
365308
365340
365844
365964
366193
366510
366713
366968
367200
367572
368126
368544
368568
368815
368857
369425
370468
370587
370671
370706
370988
371356
371571
371716
371981
372007
372222
372239
373365
373451
373461
373651
373713
373896
373898
374136
375114
375143
375550
375810
377842
377915
377920
377957
378014
378058
378150
378277
378408
378460
378478
378536
378543
378558
378631
378636
378654
378666
378688
378944
378996
379101
379127
379136
379139
379215
379225
379245
379275
379288
379298
379326
379346
379684
379735
379746
379942
379954
379989
379999
380013
380116
380131
380162
380279
380397
380554
380840
380843
381046
381192
381224
381243
381424
381471
381653
381852
381878
381898
381909
382034
382167
382419
382685
382824
382947
383251
383283
383356
383548
383836
383840
383925
384132
384249
384281
384541
384878
385043
385059
385089
385186
385203
385885
385950
385952
386253
386315
386503
386535
386770
386875
387001
387121
387313
387353
387525
387771
388011
388319
388453
388610
388665
388754
388926
389004
389123
389171
389333
389415
389534
389634
389859
389867
390132
390179
390450
390582
390710
391104
391137
391750
391756
391779
391780
391790
391794
391795
391811
391824
391866
391977
391990
391992
391993
392016
392019
392020
392031
392038
392039
392043
392047
392053
392061
392075
392076
392079
392084
392088
392126
392147
392160
392166
392243
392275
392315
392337
392359
392463
392481
392536
392538
392546
392554
392595
392608
392620
392640
392692
392735
392741
392781
392814
392851
392893
392904
392960
392962
392965
392981
392983
392990
392996
392997
393034
393055
393059
393084
393122
393123
393129
393132
393134
393154
393157
393251
393263
393290
393332
393348
393383
393386
393388
393397
393408
393410
393419
393421
393537
393549
393696
393706
393716
393718
393746
393786
393795
393809
393850
393854
394028
394053
394086
394122
394141
394157
394198
394211
394250
394254
394282
394289
394294
394327
394343
394405
394433
394434
394443
394461
394493
394539
394551
394556
394575
394589
394596
394599
394602
394631
394652
394655
394658
394672
394726
394797
394812
394817
394822
394850
394867
394878
394972
395059
395089
395091
395131
395150
395182
395200
395206
395222
395234
395243
395258
395269
395270
395277
395299
395301
395365
395380
395387
395391
395414
395421
395424
395492
395495
395503
395520
395544
395579
395615
395616
395622
395648
395678
395712
395728
395746
395848
395862
395875
395896
395924
395968
396006
396064
396074
396112
396121
396135
396139
396400
396404
396416
396436
396737
396740
396754
396840
396857
396866
396868
396877
396884
396890
396930
396975
396997
396999
397020
397123
397134
397140
397148
397187
397231
397264
397267
397277
397296
397308
397312
397393
397405
397466
397481
397647
397695
397698
397746
397778
397786
397803
397806
397812
397831
397838
397871
397905
397917
397953
397970
397976
398114
398131
398140
398183
398276
398347
398448
398462
398467
398553
398580
398714
398752
398845
398851
398852
398865
398910
398997
399110
399214
399222
399226
399239
399262
399312
399317
399320
399351
399413
399428
399457
399532
399549
399569
399570
399574
399605
399622
399634
399655
399706
399857
399883
399982
399998
400003
400141
400165
400179
400191
400231
400259
400264
400265
400269
400283
400302
400347
400377
400456
400478
400503
400539
400576
400715
400730
400817
400828
400842
400868
400897
400906
400926
400928
400939
400951
400961
400994
401060
401157
401220
401299
401343
401406
401495
401543
401564
401631
401655
401715
401732
401819
401833
401850
401977
402045
402061
402167
402212
402227
402314
402423
402447
402500
402548
402598
402618
402659
402703
402742
402834
402919
402948
403042
403092
403122
403240
403278
403466
403627
403663
403839
403889
403944
404069
404099
404156
404460
404607
404770
404846
404848
404863
404878
404933
404941
405091
405117
405160
405181
405531
405710
406429
407473
408018
408085
408088
408142
408756
408770
408889
408910
408911
408912
408913
408914
408915
408916
408917
408918
408919
408920
408921
408922
408923
408924
408925
408926
408927
408928
408929
408930
408931
408932
408933
408934
408935
408936
408937
408938
408939
408940
408941
408942
408943
408944
408945
408946
408947
408948
408949
408950
408951
408952
408953
408954
408955
408956
408957
408958
408959
408960
408961
408962
408963
408964
408965
408966
408967
408968
408969
408970
408971
408972
408973
408974
408975
408976
408977
408978
408979
408980
408981
408982
408983
408984
408985
408986
408987
408988
408989
408990
408991
408992
408993
408994
408995
408996
408997
408998
408999
409000
409001
409002
409003
409004
409005
409006
409007
409008
409009
409010
409011
409012
409013
409014
409015
409016
409017
409018
409019
409020
409021
409022
409023
409024
409025
409026
409027
409028
409029
409030
409031
409032
409033
409034
409035
409036
409037
409038
409039
409040
409041
409042
409043
409044
409045
409046
409047
409048
409049
409050
409051
409052
409053
409054
409055
409056
409057
409058
409059
409060
409061
409062
409063
409064
409065
409066
409067
409068
409069
409070
409071
409072
409073
409074
409075
409076
409077
409078
409079
409080
409081
409082
409083
409084
409085
409086
409087
409088
409089
409090
409091
409092
409093
409094
409095
409096
409097
409102
409103
409104
409107
409108
409109
409110
409111
409112
409113
409114
409115
409116
409117
409118
409119
409120
409121
409122
409123
409124
409125
409126
409127
409128
409129
409130
409131
409132
409133
409134
409135
409136
409137
409138
409139
409140
409141
409142
409143
409144
409145
409146
409147
409148
409149
409150
409151
409152
409153
409154
409155
409156
409157
409158
409159
409160
409161
409162
409163
409164
409165
409166
409167
409168
409169
409170
409171
409172
409173
409174
409175
409176
409177
409178
409179
409180
409181
409182
409183
409184
409185
409186
409187
409188
409189
409190
409191
409192
409193
409194
409195
409196
409197
409198
409199
409200
409201
409202
409203
409204
409205
409206
409207
409208
409209
409210
409211
409212
409213
409214
409215
409216
409217
409218
409219
409220
409221
409222
409223
409224
409225
409226
409227
409228
409229
409230
409231
409232
409233
409234
409235
409236
409237
409238
409239
409240
409241
409242
409243
409244
409245
409246
409247
409248
409249
409250
409251
409252
409253
409254
409255
409256
409257
409258
409259
409260
409261
409262
409263
409264
409265
409266
409267
409268
409269
409270
409271
409272
409273
409274
409275
409276
409277
409278
409279
409280
409281
409282
409283
409284
409287
409289
409290
409291
409292
409293
409294
409295
409296
409297
409298
409299
409300
409301
409302
409303
409304
409305
409306
409307
409310
409311
409312
409313
409314
409315
409316
409317
409318
409319
409320
409321
409322
409323
409324
409325
409326
409327
409328
409329
409330
409331
409332
409333
409334
409335
409336
409337
409338
409339
409340
409341
409342
409343
409344
409345
409346
409347
409348
409349
409350
409351
409352
409353
409354
409355
409356
409357
409358
409359
409360
409361
409362
409363
409364
409365
409366
409367
409368
409369
409370
409371
409372
409373
409374
409375
409376
409377
409378
409379
409380
409381
409382
409383
409384
409385
409386
409387
409388
409389
409390
409391
409392
409393
409394
409395
409396
409397
409398
409399
409400
409401
409402
409403
409404
409405
409406
409407
409408
409409
409410
409411
409412
409413
409414
409415
409424
409425
409426
409427
409438
409439
409440
409441
409442
409443
409444
409447
409448
409449
409451
409452
409453
409454
409455
409456
409457
409458
409459
409460
409461
409462
409463
409464
409465
409466
409467
409468
409469
409470
409471
409472
409473
409474
409475
409476
409477
409478
409479
409480
409481
409483
409484
409485
409486
409487
409488
409489
409490
409491
409492
409494
409495
409496
409497
409498
409499
409500
409501
409502
409503
409504
409505
409506
409507
409508
409509
409510
409511
409512
409513
409514
409515
409516
409517
409520
409521
409522
409523
409526
409527
409528
409529
409530
409531
409532
409533
409534
409535
409536
409537
409538
409539
409540
409541
409542
409543
409544
409548
409549
409550
409551
409552
409553
409554
409555
409556
409557
409559
409560
409561
409562
409563
409564
409565
409567
409568
409572
409573
409574
409575
409576
409577
409578
409579
409581
409582
409583
409586
409587
409588
409591
409592
409593
409594
409596
409597
409598
409599
409600
409601
409602
409603
409604
409605
409606
409607
409608
409609
409610
409612
409613
409614
409615
409616
409617
409618
409619
409620
409621
409622
409623
409624
409625
409626
409627
409628
409629
409630
409631
409632
409633
409634
409635
409636
409637
409638
409639
409640
409641
409642
409643
409644
409645
409646
409647
409648
409649
409650
409651
409652
409653
409654
409655
409656
409657
409658
409659
409660
409661
409662
409663
409664
409665
409666
409667
409668
409669
409670
409671
409672
409673
409674
409675
409676
409677
409678
409679
409680
409681
409682
409683
409684
409685
409686
409687
409689
409690
409691
409692
409693
409694
409695
409696
409697
409698
409699
409700
409701
409702
409703
409704
409705
409706
409707
409710
409711
409712
409713
409714
409715
409716
409717
409718
409719
409720
409721
409722
409723
409724
409725
409726
409727
409728
409729
409730
409731
409732
409733
409734
409735
409736
409737
409738
409739
409740
409741
409742
409748
409749
409750
409751
409752
409753
409754
409755
409756
409757
409758
409759
409760
409761
409762
409763
409764
409765
409766
409767
409768
409769
409770
409771
409772
409773
409774
409775
409776
409777
409778
409779
409780
409781
409782
409783
409784
409785
409786
409787
409788
409789
409790
409791
409792
409793
409794
409795
409796
409797
409798
409799
409800
409801
409802
409803
409804
409805
409806
409807
409808
409809
409810
409811
409812
409813
409814
409815
409816
409817
409818
409819
409820
409821
409822
409823
409824
409825
409826
409827
409828
409829
409830
409831
409832
409833
409834
409835
409836
409837
409838
409839
409840
409841
409842
409843
409844
409845
409846
409847
409848
409849
409850
409851
409852
409853
409854
409855
409856
409860
409861
409862
409863
409864
409865
409866
409867
409868
409869
409870
409871
409872
409873
409874
409875
409877
409878
409879
409880
409881
409882
409883
409884
409885
409886
409887
409888
409889
409890
409891
409892
409893
409894
409895
409896
409897
409898
409899
409900
409901
409902
409903
409904
409905
409906
409907
409908
409909
409910
409911
409912
409913
409914
409915
409916
409917
409918
409919
409920
409921
409922
409923
409924
409925
409926
409927
409928
409929
409930
409931
409932
409933
409934
409935
409936
409937
409938
409939
409940
409941
409942
409943
409944
409945
409946
409947
409948
409949
409950
409951
409952
409953
409954
409955
409956
409957
409958
409959
409960
409961
409962
409963
409964
409965
409966
409967
409968
409969
409970
409971
409972
409973
409975
409976
409977
409978
409979
409980
409981
409982
409983
409984
409985
409986
409987
409988
409989
409990
409991
409992
409993
409994
409995
409996
409997
409998
409999
410000
410001
410002
410003
410004
410005
410006
410007
410008
410009
410010
410011
410012
410013
410014
410015
410016
410017
410018
410019
410020
410021
410022
410023
410024
410025
410026
410027
410028
410029
410030
410031
410032
410033
410034
410035
410036
410037
410038
410039
410040
410041
410042
410043
410044
410045
410046
410047
410048
410049
410050
410051
410052
410053
410054
410055
410056
410057
410058
410059
410060
410061
410062
410063
410064
410065
410066
410067
410068
410069
410070
410071
410072
410073
410074
410075
410076
410077
410078
410079
410080
410081
410082
410083
410084
410085
410086
410087
410088
410089
410090
410091
410092
410093
410094
410095
410096
410097
410098
410099
410100
410101
410102
410103
410104
410105
410106
410107
410108
410109
410110
410111
410112
410113
410114
410115
410116
410117
410118
410119
410120
410121
410122
410123
410124
410125
410126
410127
410128
410129
410130
410131
410132
410133
410134
410135
410136
410137
410138
410139
410140
410141
410142
410143
410144
410145
410146
410147
410148
410149
410150
410151
410152
410153
410154
410155
410156
410157
410158
410159
410160
410161
410162
410163
410164
410165
410166
410167
410168
410169
410170
410171
410172
410173
410174
410175
410176
410177
410178
410179
410180
410181
410182
410183
410184
410185
410186
410187
410188
410189
410190
410191
410192
410193
410194
410195
410196
410197
410198
410199
410200
410201
410202
410203
410204
410205
410206
410207
410208
410209
410210
410211
410212
410213
410214
410215
410216
410217
410218
410219
410220
410221
410222
410223
410224
410225
410226
410227
410228
410229
410230
410231
410232
410233
410234
410235
410236
410237
410238
410239
410240
410241
410242
410243
410244
410245
410246
410247
410248
410249
410250
410251
410252
410253
410254
410255
410256
410257
410258
410259
410260
410261
410262
410263
410264
410265
410266
410267
410268
410269
410270
410271
410272
410273
410274
410275
410276
410277
410278
410279
410280
410281
410282
410283
410284
410285
410286
410287
410288
410289
410290
410291
410292
410293
410294
410295
410296
410297
410298
410299
410300
410301
410302
410303
410304
410305
410306
410307
410308
410309
410310
410311
410312
410313
410314
410315
410316
410317
410318
410319
410320
410321
410322
410323
410324
410325
410326
410327
410328
410329
410330
410331
410332
410333
410334
410335
410336
410337
410338
410339
410340
410341
410342
410343
410344
410345
410346
410347
410348
410349
410350
410351
410352
410353
410354
410355
410356
410357
410382
410383
410384
410385
410386
410387
410388
410389
410390
410391
410392
410393
410394
410395
410396
410397
410398
410399
410400
410401
410402
410403
410404
410405
410406
410407
410408
410409
410410
410411
410412
410413
410414
410415
410416
410417
410418
410419
410420
410421
410422
410423
410424
410425
410426
410427
410428
410429
410430
410431
410432
410433
410434
410435
410436
410437
410438
410439
410440
410441
410442
410443
410444
410445
410446
410447
410448
410449
410450
410451
410452
410453
410454
410455
410456
410457
410458
410459
410460
410461
410462
410463
410464
410465
410466
410467
410468
410469
410470
410471
410472
410473
410474
410475
410476
410477
410478
410479
410480
410481
410482
410483
410484
410485
410486
410487
410488
410489
410490
410491
410492
410493
410494
410495
410496
410497
410498
410499
410500
410501
410502
410503
410504
410505
410506
410507
410508
410509
410510
410511
410512
410513
410514
410515
410516
410517
410518
410519
410520
410521
410522
410523
410524
410525
410526
410527
410528
410529
410530
410531
410532
410533
410534
410535
410536
410537
410538
410539
410540
410541
410542
410543
410544
410545
410546
410547
410548
410549
410550
410551
410552
410553
410554
410555
410556
410557
410558
410559
410560
410561
410562
410563
410564
410565
410566
410567
410568
410569
410570
410571
410572
410573
410574
410575
410576
410577
410578
410579
410580
410581
410582
410583
410584
410585
410586
410587
410588
410589
410590
410591
410592
410593
410594
410595
410596
410597
410598
410599
410600
410601
410602
410603
410604
410605
410606
410607
410608
410609
410610
410611
410612
410613
410614
410615
410616
410617
410618
410619
410620
410621
410622
410623
410624
410625
410626
410627
410628
410629
410630
410631
410632
410633
410634
410635
410636
410637
410638
410639
410640
410641
410645
410646
410647
410648
410649
410650
410651
410652
410653
410654
410655
410656
410657
410658
410659
410660
410661
410662
410663
410664
410665
410666
410667
410668
410669
410670
410671
410672
410673
410674
410675
410676
410677
410678
410679
410680
410681
410682
410683
410684
410685
410686
410687
410688
410689
410690
410693
410694
410695
410696
410697
410698
410699
410700
410701
410702
410703
410704
410705
410706
410707
410708
410709
410710
410711
410712
410713
410714
410715
410716
410717
410718
410719
410720
410721
410722
410723
410724
410725
410726
410727
410728
410729
410730
410731
410732
410733
410734
410735
410736
410737
410738
410739
410740
410741
410742
410743
410744
410745
410746
410747
410748
410749
410750
410751
410752
410757
410758
410759
410760
410761
410762
410763
410764
410765
410766
410767
410768
410769
410770
410772
410773
410774
410775
410776
410777
410778
410779
410780
410781
410782
410783
410784
410785
410786
410787
410788
410789
410790
410791
410792
410793
410794
410795
410796
410797
410798
410799
410800
410801
410802
410803
410804
410805
410806
410807
410808
410809
410810
410811
410812
410813
410814
410815
410816
410817
410820
410821
410822
410823
410824
410825
410826
410827
410828
410829
410830
410831
410832
410833
410834
410835
410836
410837
410838
410839
410840
410841
410842
410843
410844
410845
410846
410847
410848
410849
410850
410851
410852
410853
410854
410855
410856
410857
410858
410859
410860
410862
410863
410864
410865
410866
410867
410868
410869
410870
410871
410872
410873
410874
410875
410876
410877
410878
410879
410880
410881
410882
410883
410884
410885
410886
410887
410888
410889
410890
410891
410892
410893
410894
410895
410896
410897
410898
410899
410900
410901
410902
410903
410904
410905
410906
410907
410908
410909
410910
410911
410912
410913
410914
410915
410916
410917
410918
410919
410920
410921
410922
410923
410924
410925
410926
410927
410928
410929
410930
410931
410932
410933
410934
410935
410936
410937
410938
410939
410940
410941
410942
410943
410944
410945
410946
410947
410948
410949
410950
410951
410952
410953
410954
410955
410956
410957
410958
410959
410960
410961
410962
410963
410964
410965
410966
410967
410968
410969
410970
410971
410972
410973
410974
410975
410976
410977
410978
410979
410980
410981
410982
410983
410984
410985
410986
410987
410988
410989
410990
410991
410992
410993
410994
410995
410996
410997
410998
410999
411000
411001
411002
411003
411004
411005
411006
411007
411008
411009
411010
411011
411012
411013
411014
411015
411016
411017
411018
411019
411020
411021
411022
411023
411024
411025
411026
411027
411028
411029
411030
411031
411032
411033
411034
411035
411036
411037
411038
411039
411040
411041
411042
411043
411044
411045
411046
411047
411048
411049
411050
411051
411052
411053
411054
411055
411056
411057
411058
411059
411060
411061
411062
411063
411064
411065
411066
411067
411068
411069
411070
411071
411072
411073
411074
411075
411076
411083
411084
411085
411086
411087
411088
411089
411090
411091
411092
411093
411094
411095
411096
411097
411098
411099
411100
411101
411102
411103
411104
411105
411106
411107
411108
411109
411110
411111
411112
411113
411114
411115
411116
411117
411118
411119
411120
411121
411122
411123
411124
411125
411126
411127
411128
411129
411130
411131
411132
411133
411134
411135
411136
411137
411138
411139
411140
411141
411142
411143
411144
411145
411146
411147
411148
411149
411150
411151
411152
411153
411154
411155
411156
411157
411158
411159
411160
411161
411162
411163
411164
411165
411166
411167
411168
411169
411170
411171
411172
411173
411174
411175
411176
411177
411178
411179
411180
411181
411182
411183
411184
411185
411186
411187
411188
411189
411190
411191
411192
411193
411194
411195
411196
411197
411198
411199
411200
411201
411202
411203
411204
411205
411206
411207
411208
411209
411210
411211
411212
411213
411214
411215
411216
411217
411218
411219
411220
411221
411222
411223
411224
411225
411226
411227
411228
411229
411230
411231
411232
411233
411234
411235
411236
411237
411238
411239
411240
411241
411242
411243
411244
411245
411246
411247
411248
411249
411250
411251
411252
411253
411254
411255
411256
411257
411258
411259
411260
411261
411262
411263
411264
411265
411266
411267
411268
411269
411270
411271
411272
411273
411274
411275
411276
411277
411278
411279
411280
411281
411282
411284
411285
411286
411287
411288
411289
411290
411291
411292
411293
411294
411295
411296
411297
411298
411299
411300
411301
411302
411303
411304
411305
411306
411307
411308
411309
411310
411315
411316
411317
411318
411319
411320
411321
411322
411323
411324
411325
411326
411327
411328
411329
411330
411331
411332
411333
411334
411335
411336
411337
411338
411339
411340
411341
411342
411343
411344
411345
411346
411347
411348
411349
411350
411351
411352
411353
411354
411355
411356
411357
411358
411359
411360
411361
411362
411363
411364
411365
411366
411367
411368
411369
411370
411371
411372
411373
411374
411375
411376
411377
411378
411379
411380
411381
411382
411383
411384
411385
411386
411387
411388
411389
411390
411391
411392
411393
411394
411395
411396
411397
411398
411399
411400
411401
411402
411403
411404
411405
411406
411407
411408
411409
411410
411411
411412
411413
411414
411415
411416
411417
411418
411419
411420
411421
411422
411423
411424
411425
411426
411427
411428
411429
411430
411431
411432
411433
411434
411435
411436
411437
411438
411439
411440
411441
411442
411443
411444
411445
411446
411447
411448
411449
411451
411452
411453
411454
411455
411456
411457
411458
411459
411460
411461
411462
411463
411464
411465
411466
411467
411468
411469
411470
411471
411472
411473
411474
411475
411476
411477
411478
411479
411480
411481
411482
411483
411484
411485
411486
411487
411488
411489
411490
411491
411492
411493
411494
411495
411496
411497
411498
411499
411500
411501
411502
411503
411504
411505
411506
411507
411508
411509
411510
411511
411512
411513
411514
411515
411516
411517
411518
411519
411520
411521
411522
411523
411524
411525
411526
411527
411528
411529
411530
411531
411532
411533
411534
411535
411536
411537
411538
411539
411540
411541
411542
411543
411544
411545
411546
411547
411548
411549
411550
411551
411552
411553
411554
411555
411556
411557
411558
411559
411560
411561
411562
411563
411564
411565
411566
411567
411568
411569
411570
411571
411572
411573
411574
411575
411576
411577
411578
411579
411580
411581
411582
411583
411584
411585
411586
411587
411588
411589
411590
411591
411592
411593
411594
411595
84154
130171
138784
222650
236732
263128
264686
273432
279909
291784
297238
305628
312365
314021
316928
317321
320114
325333
325966
328356
329116
329378
330696
330903
331710
333631
333821
335172
335363
337869
339966
342280
342477
342523
344411
344579
346805
347354
348321
348615
348816
349698
351845
352410
353634
355431
356268
356731
357669
357727
358744
359097
360217
360310
360886
360950
361012
361077
361233
363311
363323
363348
363369
363396
363403
363452
364002
364165
364176
364185
364260
364411
364443
364505
364744
364996
365299
365382
365819
365928
365945
366072
366245
366400
366871
367000
367113
367783
368097
368420
368637
368678
369273
369428
369795
370531
370573
370589
370655
370727
370761
370810
371902
372196
372863
373878
374011
374641
376372
377845
377850
377860
377873
377903
377930
377941
378000
378025
378088
378129
378235
378292
378293
378300
378411
378439
378491
378534
378608
378609
378627
378903
378947
378957
378990
379056
379083
379087
379135
379138
379151
379156
379175
379202
379205
379271
379279
379304
379321
379360
379368
379390
379520
379588
379692
379724
379743
379940
379956
379961
379964
379985
379996
380200
380204
380248
380377
380442
380468
380552
380691
380791
380875
381057
381116
381120
381159
381303
381576
381610
381775
381856
381880
381882
381993
382128
382129
382194
382264
382348
382351
382583
382614
382667
382672
382992
383126
383188
383364
383514
383742
383752
383896
383903
383959
384031
384247
384382
384464
384939
384977
385047
385189
385263
385413
385491
385510
385587
385666
385768
385809
385898
385986
386139
386172
386199
386280
386349
386361
386378
386426
386649
386669
386919
387153
387216
387236
387250
387541
387894
388036
388202
388333
388334
388502
388623
388674
388723
388789
389084
389473
389682
389807
389886
390056
390199
390861
390906
391073
391762
391814
391831
391835
391851
391893
391896
391929
391972
391986
391997
392015
392022
392034
392054
392066
392072
392078
392113
392116
392130
392132
392135
392141
392142
392144
392163
392250
392252
392265
392271
392277
392282
392303
392305
392326
392403
392444
392449
392489
392498
392520
392527
392532
392560
392567
392571
392576
392581
392591
392625
392629
392635
392639
392664
392696
392708
392767
392795
392800
392806
392809
392819
392822
392823
392825
392829
392830
392837
392842
392846
392855
392877
392881
392885
392905
393085
393107
393118
393119
393155
393158
393169
393173
393196
393198
393201
393202
393203
393206
393209
393210
393214
393219
393239
393260
393277
393298
393323
393327
393328
393363
393373
393385
393390
393396
393401
393478
393637
393644
393661
393711
393748
393763
393793
393814
393818
393851
393857
393860
393864
394078
394124
394173
394260
394275
394314
394329
394348
394362
394420
394476
394498
394501
394562
394605
394712
394739
394740
394770
394774
394823
394843
394912
394936
394953
395003
395069
395095
395259
395273
395276
395360
395381
395436
395497
395505
395559
395587
395591
395619
395691
395757
395762
395864
395937
395980
396001
396047
396059
396114
396115
396154
396157
396166
396228
396301
396312
396352
396396
396427
396435
396442
396582
396595
396601
396647
396655
396716
396829
396985
397017
397104
397155
397251
397290
397429
397476
397567
397592
397638
397676
397678
397693
397731
397733
397735
397791
397807
397810
397910
397920
397921
397927
397957
397981
398005
398016
398035
398046
398100
398104
398145
398146
398239
398242
398252
398314
398325
398326
398353
398378
398412
398417
398419
398441
398450
398490
398506
398535
398634
398646
398719
398751
398771
398909
398926
398963
398983
398986
399116
399150
399158
399172
399204
399241
399290
399300
399306
399323
399403
399429
399472
399506
399556
399565
399580
399660
399801
399923
399929
399935
399953
399987
400009
400062
400065
400125
400299
400331
400350
400353
400401
400447
400450
400502
400514
400548
400551
400646
400650
400665
400690
400716
400728
400751
400763
400784
400788
400839
400894
400950
400953
401005
401070
401189
401232
401277
401365
401397
401479
401554
401562
401613
401625
401640
401664
401712
401745
401825
401827
401883
401888
401889
401937
401941
401943
401947
401972
401973
401983
401994
402089
402116
402198
402319
402334
402481
402512
402585
402648
402688
402691
402730
402845
402949
402980
402985
403010
403014
403021
403025
403038
403233
403234
403289
403347
403349
403353
403401
403443
403508
403510
403572
403604
403643
403710
403761
403789
403846
403855
404007
404012
404108
404189
404225
404276
404290
404324
404372
404507
404515
404650
404826
404864
404955
405262
405398
405457
405501
405595
405608
405652
408491
409493
409611
411596
411597
411598
411599
411600
411601
411602
411603
411604
411605
411606
411607
411608
411609
411610
411611
411612
411613
411614
411615
411616
411617
411618
411619
411620
411621
411622
411623
411624
411625
411626
411627
411628
411629
411630
411631
411632
411633
411634
411635
411636
411637
411638
411639
411640
411641
411642
411643
411644
411645
411646
411647
411648
411649
411650
411651
411652
411653
411654
411655
411656
411657
411658
411659
411660
411661
411662
411663
411664
411665
411666
411667
411668
411669
411670
411671
411672
411673
411674
411675
411676
411677
411678
411679
411680
411681
411682
411683
411684
411685
411686
411687
411688
411689
411690
411691
411692
411693
411694
411695
411696
411697
411698
411699
411700
411701
411702
411703
411704
411705
411706
411707
411708
411709
411710
411711
411712
411713
411714
411715
411716
411717
411718
411719
411720
411721
411722
411723
411724
411725
411726
411727
411728
411729
411730
411731
411732
411733
411734
411735
411736
411737
411738
411739
411740
411741
411742
411743
411744
411745
411746
411747
411748
411749
411750
411751
411752
411753
411754
411755
411756
411757
411758
411759
411760
411761
411762
411763
411764
411765
411766
411767
411768
411769
411770
411771
411772
411773
411774
411775
411776
411777
411778
411779
411780
411781
411782
411783
411784
411785
411786
411787
411788
411789
411790
411791
411792
411793
411794
411795
411796
411797
411798
411799
411800
411801
411802
411803
411804
411805
411806
411807
411808
411809
411810
411811
411812
411813
411814
411815
411816
411817
411818
411819
411820
411821
411822
411823
411824
411825
411826
411827
411828
411829
411830
411831
411832
411833
411834
411835
411836
411837
411838
411839
411840
411841
411842
411843
411844
411845
411846
411847
411848
411849
411850
411851
411852
411853
411854
411855
411856
411857
411858
411859
411860
411861
411862
411863
411864
411865
411866
411867
411868
411869
411870
411871
411872
411873
411874
411875
411876
411877
411878
411879
411880
411881
411882
411884
411885
411886
411887
411888
411889
411890
411891
411892
411893
411894
411895
411896
411897
411898
411899
411900
411901
411902
411903
411904
411905
411906
411907
411908
411909
411910
411911
411912
411913
411914
411915
411916
411917
411918
411919
411920
411921
411922
411923
411924
411925
411926
411927
411928
411929
411930
411932
411933
411934
411935
411936
411937
411938
411939
411940
411941
411942
411943
411944
411945
411946
411947
411948
411949
411950
411951
411952
411953
411954
411955
411956
411957
411958
411959
411960
411961
411962
411963
411964
411965
411966
411967
411968
411969
411970
411971
411972
411973
411974
411975
411976
411977
411978
411979
411980
411981
411982
411983
411984
411985
411986
411987
411988
411989
411990
411991
411992
411993
411994
411995
411996
411997
411998
411999
412000
412001
412002
412003
412004
412005
412006
412007
412008
412009
412010
412011
412012
412013
412014
412015
412016
412017
412018
412019
412020
412021
412022
412023
412024
412025
412026
412027
412028
412029
412030
412031
412032
412033
412034
412035
412036
412037
412038
412039
412040
412041
412042
412043
412044
412045
412046
412047
412048
412049
412050
412051
412052
412053
412054
412055
412056
412057
412058
412059
412060
412061
412062
412063
412064
412065
412066
412067
412068
412069
412070
412071
412072
412073
412074
412075
412076
412077
412078
412079
412080
412081
412082
412083
412084
412085
412086
412087
412088
412089
412090
412091
412092
412093
412094
412095
412096
412097
412098
412099
412100
412101
412102
412103
412104
412105
412106
412107
412108
412109
412110
412111
412112
412113
412114
412115
412116
412117
412118
412119
412120
412121
412122
412123
412124
412128
412129
412130
412131
412132
412133
412134
412135
412136
412137
412138
412139
412140
412141
412142
412143
412144
412145
412146
412147
412148
412149
412150
412151
412152
412153
412154
412155
412156
412157
412158
412159
412160
412161
412162
412163
412164
412165
412166
412167
412168
412169
412170
412171
412172
412173
412174
412175
412176
412177
412178
412179
412180
412181
412182
412183
412184
412185
412186
412187
412188
412189
412190
412191
412192
412193
412194
412195
412196
412197
412198
412199
412200
412201
412202
412203
412204
412205
412206
412207
412208
412209
412210
412211
412212
412213
412214
412215
412216
412217
412218
412219
412220
412221
412222
412223
412224
412225
412226
412227
412228
412229
412230
412231
412232
412233
412234
412235
412236
412237
412238
412239
412240
412241
412242
412243
412244
412245
412246
412247
412248
412249
412250
412251
412252
412253
412254
412255
412256
412257
412258
412259
412260
412261
412262
412263
412264
412265
412266
412267
412268
412269
412270
412271
412272
412273
412274
412275
412276
412277
412278
412279
412280
412281
412282
412283
412284
412285
412286
412287
412288
412289
412290
412291
412292
412293
412294
412298
412299
412300
412301
412302
412303
412304
412305
412306
412307
412308
412309
412310
412311
412312
412313
412314
412315
412316
412317
412318
412319
412320
412321
412322
412323
412324
412325
412326
412327
412328
412329
412330
412331
412332
412333
412334
412335
412336
412337
412338
412339
412340
412341
412342
412343
412344
412345
412346
412347
412348
412349
412350
412351
412352
412353
412354
412355
412356
412357
412358
412359
412360
412361
412362
412363
412364
412365
412366
412367
412368
412369
412370
412371
412372
412373
412374
412375
412376
412377
412378
412379
412380
412381
412382
412383
412384
412385
412386
412387
412388
412389
412390
412391
412392
412393
412394
412395
412396
412397
412398
412399
412400
412401
412402
412403
412404
412405
412406
412407
412408
412409
412410
412411
412412
412413
412414
412415
412416
412417
412418
412419
412420
412421
412422
412423
412424
412425
412426
412427
412428
412429
412430
412431
412432
412433
412434
412435
412436
412437
412438
412439
412440
412441
412442
412443
412444
412445
412446
412447
412448
412449
412450
412451
412452
412453
412454
412455
412456
412457
412458
412459
412460
412461
412462
412463
412464
412465
412466
412467
412468
412469
412470
412471
412472
412473
412474
412475
412476
412477
412478
412479
412480
412481
412482
412483
412484
412485
412486
412487
412488
412489
412490
412491
412492
412493
412494
412495
412496
412497
412498
412499
412500
412501
412502
412503
412504
412505
412506
412507
412508
412509
412510
412511
412512
412513
412514
412515
412516
412517
412518
412519
412520
412521
412522
412523
412524
412525
412526
412527
412528
412529
412530
412531
412532
412533
412534
412535
412536
412537
412538
412539
412540
412541
412542
412543
412544
412545
412546
412547
412548
412549
412550
412551
412552
412553
412554
412555
412556
412557
412558
412559
412560
412561
412562
412563
412564
412565
412566
412567
412568
412569
412570
412571
412572
412573
412574
412575
412576
412577
412578
412579
412580
412581
412582
412583
412584
412585
412586
412587
412588
412589
412590
412591
412592
412593
412594
412595
412596
412597
412598
412599
412600
412601
412602
412603
412604
412605
412606
412607
412608
412609
412610
412611
412612
412613
412614
412615
412616
412617
412618
412619
412620
412621
412622
412623
412624
412625
412626
412627
412628
412629
412630
412631
412632
412633
412634
412635
412636
412637
412638
412639
412640
412641
412642
412643
412644
412645
412646
412647
412648
412649
412650
412651
412652
412653
412654
412655
412656
412657
412658
412659
412660
412661
412662
412663
412664
412665
412666
412667
412668
412669
412670
412671
412672
412673
412674
412675
412676
412677
412678
412679
412681
412682
412683
412684
412685
412686
412687
412688
412689
412690
412691
412692
412693
412694
412695
412696
412697
412698
412699
412700
412701
412702
412703
412704
412705
412706
412707
412708
412709
412710
412711
412712
412713
412714
412715
412716
412717
412718
412719
412720
412721
412722
412723
412724
412725
412726
412727
412728
412729
412730
412731
412732
412733
412734
412735
412736
412737
412738
412739
412740
412741
412742
412743
412744
412745
412746
412747
412748
412749
412750
412751
412752
412753
412754
412755
412756
412757
412758
412759
412760
412761
412762
412763
412764
412765
412766
412767
412768
412769
412770
412771
412772
412773
412774
412775
412776
412777
412778
412779
412781
412782
412783
412784
412785
412786
412787
412788
412789
412790
412791
412792
412793
412794
412795
412796
412797
412798
412799
412800
412801
412802
412803
412804
412805
412806
412807
412808
412809
412810
412811
412812
412813
412814
412815
412816
412817
412818
412819
412820
412821
412822
412823
412824
412825
412826
412827
412828
412829
412830
412831
412832
412833
412834
412835
412836
412837
412838
412839
412840
412841
412842
412843
412844
412845
412846
412847
412848
412849
412850
412851
412852
412853
412854
412855
412856
412857
412858
412859
412860
412861
412862
412863
412864
412865
412866
412867
412868
412869
412870
412871
412872
412873
412874
412875
412876
412877
412878
412879
412880
412881
412882
412883
412884
412885
412886
412887
412888
412889
412890
412891
412892
412893
412894
412895
412896
412897
412898
412899
412900
412901
412902
412903
412904
412905
412906
412907
412908
412909
412910
412911
412912
412913
412914
412915
412916
412917
412918
412919
412920
412921
412922
412923
412924
412925
412926
412927
412928
412929
412930
412931
412932
412933
412934
412935
412936
412937
412938
412939
412940
412941
412942
412943
412944
412945
412946
412947
412948
412949
412950
412951
412952
412953
412954
412955
412956
412957
412958
412959
412960
412961
412962
412963
412964
412965
412966
412967
412968
412969
412970
412971
412972
412973
412974
412975
412976
412977
412978
412979
412980
412981
412982
412983
412984
412985
412986
412987
412988
412989
412990
412991
412992
412993
412994
412995
412996
412997
412998
412999
413000
413001
413002
413003
413004
413005
413006
413007
413008
413009
413010
413011
413012
413013
413014
413015
413016
413017
413018
413019
413020
413021
413022
413023
413024
413025
413026
413027
413028
413029
413030
413031
413032
413033
413034
413035
413036
413037
413038
413039
413040
413041
413042
413043
413044
413045
413046
413047
413048
413049
413050
413051
413052
413053
413054
413055
413056
413057
413058
413059
413060
413061
413062
413063
413064
413065
413066
413067
413068
413069
413070
413071
413072
413073
413074
413075
413076
413077
413078
413079
413080
413082
413083
413084
413085
413086
413087
413088
413089
413090
413091
413092
413093
413094
413095
413096
413280
413281
413282
413283
413284
413285
413286
413287
413288
413289
413290
413291
413292
413293
413294
413295
413296
413297
413298
413299
413300
413301
413302
413303
413304
413305
413306
413307
413308
413309
413310
413311
413312
413313
413314
413315
413316
413317
413318
413319
413320
413321
413322
413323
413324
413325
413326
413327
413328
413329
413330
413331
413332
413333
413334
413335
413336
413337
413338
413339
413340
413341
413342
413343
413344
413345
413346
413347
413348
413349
413350
413351
413352
413353
413354
413355
413356
413357
413358
413359
413360
413361
413362
413363
413364
413365
413366
413367
413368
413369
413370
413371
413372
413373
413374
413375
413376
413377
413378
413379
413380
413381
413382
413383
413384
413385
413386
413387
413388
413389
413390
413391
413392
413393
413394
413395
413396
413397
413398
413399
413400
413401
413402
413403
413404
413405
413406
413407
413408
413409
413410
413411
413412
413413
413414
413415
413416
413417
413418
413419
413420
413421
413422
413423
413424
413425
413426
413427
413428
413429
413430
413431
413432
413433
413434
413435
413436
413437
413438
413439
413440
413441
413442
413443
413444
413445
413446
413447
413448
413449
413450
413451
413452
413453
413454
413455
413456
413457
413458
413459
413460
413461
413462
413463
413464
413465
413466
413467
413468
413469
413470
413471
413472
413473
413474
413475
413476
413477
413478
413479
413480
413481
413482
413483
413484
413485
413486
413487
413488
413489
413490
413491
413492
413493
413494
413495
413496
413497
413498
413499
413500
413501
413502
413503
413504
413505
413506
413507
413508
413509
413510
413511
413512
413513
413514
413515
413516
413517
413518
413519
413520
413521
413522
413523
413524
413525
413526
413527
413528
413529
413530
413531
413532
413533
413534
413535
413536
413537
413538
413539
413540
413541
413542
413543
413544
413545
413546
413547
413548
413549
413550
413551
413552
413553
413554
413555
413556
413557
413558
413559
413560
413561
413562
413563
413564
413565
413566
413567
413568
413569
413570
413571
413572
413573
413574
413575
413576
413577
413578
413579
413580
413581
413582
413583
413584
413585
413586
413587
413588
413589
413590
413591
413592
413593
413594
413595
413596
413597
413598
413599
413600
413601
413603
413604
413605
413606
413607
413608
413609
413610
413611
413612
413613
413614
413615
413616
413617
413618
413619
413620
413621
413622
413623
413624
413625
413626
413627
413628
413629
413630
413631
413632
413633
413634
413635
413636
413637
413638
413639
413640
413641
413642
413643
413644
413645
413646
413647
413648
413649
413650
413651
413652
413653
413654
413655
413656
413657
413658
413659
413660
413661
413662
413663
413664
413665
413666
413667
413668
413669
413670
413671
413672
413673
413674
413675
413676
413677
413678
413679
413680
413681
413683
413684
413685
413686
413690
413691
413692
413693
413694
413695
413696
413697
413698
413699
413700
413701
413702
413703
413704
413705
413706
413707
413708
413709
413710
413711
413712
413713
413714
413715
413716
413717
413718
413719
413720
413721
413722
413723
413724
413725
413726
413727
413728
413729
413730
413731
413732
413733
413734
413735
413736
413737
413738
413739
413740
413741
413742
413743
413744
413745
413746
413747
413748
413749
413750
413751
413752
413753
413754
413755
413756
413757
413758
413759
413760
413761
413762
413763
413764
413765
413766
413767
413768
413769
413770
413771
413772
413773
413774
413775
413776
413777
413778
413780
413781
413782
413783
413784
413785
413786
413787
413788
413789
413790
413791
413792
413793
413794
413795
413796
413797
413798
413799
413800
413801
413802
413803
413804
413805
413806
413807
413808
413809
413810
413811
413812
413813
413814
413815
413816
413817
413818
413819
413820
413821
413822
413823
413824
413825
413826
413827
413828
413829
413830
413831
413833
413834
413835
413836
413837
413838
413839
413840
413841
413842
413843
413844
413845
413846
413847
413848
413849
413850
413851
413852
413853
30440
91442
205744
220786
233737
247922
252073
256308
259229
265512
267988
271945
275604
279400
287762
291246
296855
302233
304320
305420
307548
309115
319637
321287
325273
326120
326839
332102
333690
333956
334211
334479
334687
335301
335616
336393
337731
337985
340225
341761
342499
345696
346345
347209
348746
348822
349108
349387
349398
349934
350169
350193
350496
350700
351232
351736
351837
351915
352791
353528
355325
356432
357361
357384
357418
357800
358286
359187
360650
361025
361174
361445
361735
361865
363462
363553
363572
363629
363694
363934
364025
364048
364132
364135
364172
364182
364208
364477
365054
365204
365235
365416
365586
365857
366729
366884
367342
367399
367622
367725
367832
368049
368190
368541
369164
369209
369322
369431
369510
369582
369948
370057
370451
370505
371068
372092
372170
372673
372766
372919
373172
373206
373780
373888
374215
374581
374708
374836
374903
374992
375106
375442
375450
375498
375602
375661
375772
375787
376018
376392
376627
377007
377068
377221
377824
377846
377866
377881
377885
377887
377894
377917
377950
377985
377999
378031
378076
378095
378152
378234
378240
378279
378286
378301
378312
378316
378349
378472
378515
378544
378645
378652
378665
378691
378733
378745
378790
378963
379049
379064
379076
379092
379107
379117
379120
379178
379185
379227
379231
379240
379256
379257
379285
379295
379306
379309
379313
379314
379320
379348
379713
379885
379926
380005
380259
380301
380512
380808
380940
380998
380999
381055
381127
381160
381190
381287
381295
381296
381333
381359
381363
381409
381454
381548
381550
381658
381659
381793
381817
381948
381999
382144
382265
382282
382613
382641
382725
382778
382871
383010
383012
383062
383161
383230
383261
383333
383436
383483
383714
383829
383830
383984
384022
384251
384326
384477
384538
384569
384618
384677
384689
384732
384948
384962
385031
385039
385271
385345
385453
385461
385466
385504
385575
385650
385788
385951
385982
386026
386065
386138
386165
386213
386283
386475
386796
386922
386949
387143
387307
387320
387343
387442
387520
387542
387749
387804
387880
387960
388046
388158
388205
388225
388248
388281
388302
388360
388363
388448
388479
388558
388628
388725
388768
388772
388808
388851
388923
389044
389148
389154
389271
389285
389456
389581
389626
389659
389733
389856
389959
390070
390078
390424
390472
390514
390584
390639
390705
390723
390904
390949
390951
391272
391386
391776
391786
391806
391840
391880
391903
391907
391922
391937
391995
392004
392008
392014
392023
392025
392037
392040
392044
392050
392058
392068
392069
392070
392091
392093
392094
392098
392106
392108
392109
392115
392120
392127
392129
392134
392137
392140
392152
392157
392169
392171
392172
392176
392177
392178
392179
392183
392186
392190
392192
392193
392194
392195
392196
392197
392198
392201
392204
392211
392215
392216
392219
392220
392221
392223
392224
392225
392226
392228
392231
392232
392235
392239
392272
392280
392285
392289
392290
392340
392396
392443
392445
392451
392452
392453
392456
392459
392460
392465
392468
392469
392470
392471
392472
392476
392478
392485
392490
392502
392509
392521
392535
392559
392583
392586
392588
392593
392613
392626
392638
392650
392705
392709
392732
392770
392774
392777
392807
392827
392845
392860
392863
392865
392873
392878
392882
392888
392903
392919
392920
392921
393054
393094
393108
393114
393121
393126
393130
393131
393133
393161
393166
393168
393171
393176
393186
393189
393190
393194
393200
393212
393216
393221
393227
393250
393271
393301
393302
393310
393312
393313
393315
393316
393335
393350
393366
393367
393370
393371
393400
393417
393432
393767
393802
393827
393999
394072
394216
394235
394300
394317
394325
394366
394438
394565
394625
394718
394750
394760
394781
394825
394830
394873
394875
394916
394933
394965
394970
395163
395188
395195
395224
395225
395241
395313
395337
395363
395449
395459
395501
395561
395599
395611
395704
395810
395945
395958
395984
395987
396058
396108
396118
396148
396243
396304
396389
396419
396497
396500
396530
396541
396557
396572
396663
396679
396703
396707
396715
396739
396768
396792
396856
396957
396984
397026
397032
397103
397127
397142
397255
397258
397276
397302
397330
397390
397396
397420
397438
397440
397472
397474
397482
397529
397551
397594
397652
397691
397711
397729
397761
397780
397823
397906
397944
397955
398011
398050
398051
398063
398069
398078
398107
398123
398147
398152
398211
398254
398270
398306
398341
398355
398415
398488
398557
398591
398642
398656
398665
398667
398722
398762
398774
398844
398917
398966
398967
398984
398989
398995
399016
399042
399053
399120
399174
399181
399182
399195
399196
399230
399245
399247
399296
399314
399321
399357
399358
399368
399376
399412
399423
399440
399442
399445
399446
399470
399477
399484
399485
399517
399548
399551
399625
399656
399672
399690
399715
399806
399817
399821
399827
399845
399933
399949
399956
399984
400041
400069
400076
400092
400110
400127
400213
400256
400290
400312
400334
400354
400368
400399
400415
400417
400419
400424
400544
400557
400580
400581
400601
400607
400638
400793
400826
400840
400851
400856
400890
400921
400927
400934
400952
400973
400976
400989
400992
400997
401016
401072
401078
401081
401090
401130
401132
401198
401215
401239
401249
401256
401268
401278
401327
401328
401331
401337
401340
401372
401373
401375
401388
401392
401437
401524
401526
401529
401530
401531
401577
401599
401612
401703
401705
401706
401725
401839
401876
401927
401949
401974
401975
401990
401993
402000
402053
402099
402131
402135
402172
402185
402208
402238
402239
402267
402288
402337
402354
402385
402386
402405
402430
402434
402453
402456
402498
402505
402736
402811
402814
402817
402829
402866
402936
402942
402990
403054
403071
403084
403090
403096
403098
403143
403250
403265
403309
403329
403354
403385
403409
403417
403457
403458
403480
403496
403562
403698
403731
403760
403776
403791
403816
403825
403830
403888
403980
403983
404073
404117
404195
404390
404479
404506
404539
404572
404596
404621
404632
404647
404666
404693
404720
404769
404918
404956
405031
405077
405125
405253
405254
405256
405445
405465
405516
405597
405655
406941
407757
409450
411283
411883
411931
412780
413854
413855
413856
413857
413858
413859
413860
413861
413862
413863
413864
413865
413866
413867
413868
413869
413870
413871
413872
413873
413874
413875
413876
413877
413878
413879
413880
413881
413882
413883
413884
413885
413886
413887
413888
413889
413890
413891
413892
413893
413894
413895
413896
413897
413898
413899
413900
413901
413902
413903
413904
413905
413906
413907
413908
413909
413910
413911
413912
413913
413914
413915
413916
413917
413918
413919
413920
413921
413922
413923
413924
413925
413926
413927
413928
413929
413930
413931
413932
413933
413934
413935
413936
413937
413938
413939
413940
413941
413942
413943
413944
413945
413946
413947
413948
413949
413950
413951
413952
413953
413954
413955
413956
413957
413958
413959
413960
413961
413962
413963
413964
413965
413966
413967
413968
413969
413970
413971
413972
413973
413974
413975
413976
413977
413978
413979
413980
413981
413982
413983
413984
413985
413986
413987
413988
413989
413990
413991
413992
413993
413994
413995
413996
413997
413998
413999
414000
414001
414002
414003
414004
414005
414006
414007
414008
414009
414010
414011
414012
414013
414014
414015
414016
414017
414018
414019
414020
414021
414022
414023
414024
414025
414026
414027
414028
414029
414030
414031
414032
414033
414034
414035
414036
414037
414038
414039
414040
414041
414042
414043
414044
414045
414046
414047
414048
414049
414050
414051
414052
414053
414054
414055
414056
414057
414058
414059
414060
414061
414062
414063
414064
414065
414066
414067
414068
414069
414070
414071
414072
414073
414074
414075
414076
414077
414078
414079
414080
414081
414082
414083
414084
414085
414086
414087
414088
414089
414090
414091
414092
414093
414094
414095
414096
414097
414098
414099
414100
414101
414102
414103
414104
414105
414106
414107
414108
414109
414110
414111
414112
414113
414114
414115
414116
414117
414118
414119
414120
414121
414122
414123
414124
414125
414126
414127
414128
414129
414130
414131
414132
414133
414134
414135
414136
414137
414138
414139
414140
414141
414142
414143
414144
414145
414146
414147
414148
414149
414150
414151
414152
414153
414154
414155
414156
414157
414158
414159
414160
414161
414162
414163
414164
414165
414166
414167
414168
414169
414170
414171
414172
414173
414174
414175
414176
414177
414178
414179
414180
414181
414182
414183
414184
414185
414186
414187
414188
414190
414191
414192
414193
414194
414195
414196
414197
414198
414199
414200
414201
414202
414203
414204
414205
414206
414207
414208
414209
414210
414211
414212
414213
414214
414215
414216
414217
414218
414219
414220
414221
414222
414223
414224
414225
414226
414227
414228
414229
414230
414231
414232
414233
414234
414235
414236
414237
414238
414239
414240
414241
414242
414243
414244
414245
414246
414247
414248
414249
414250
414251
414252
414253
414254
414255
414256
414257
414258
414259
414260
414261
414262
414263
414264
414265
414266
414267
414268
414269
414270
414271
414272
414273
414274
414275
414276
414277
414278
414279
414280
414281
414282
414283
414284
414285
414286
414287
414288
414289
414290
414291
414292
414293
414294
414295
414296
414297
414298
414299
414300
414301
414302
414303
414304
414305
414306
414307
414308
414309
414310
414311
414312
414313
414314
414315
414316
414317
414318
414319
414320
414321
414322
414323
414324
414325
414326
414327
414328
414329
414330
414331
414332
414333
414334
414335
414336
414337
414338
414339
414340
414341
414342
414343
414344
414345
414346
414347
414348
414349
414350
414351
414352
414353
414354
414355
414356
414357
414358
414359
414360
414361
414362
414363
414364
414365
414366
414367
414368
414369
414370
414371
414372
414373
414374
414375
414376
414377
414378
414379
414380
414381
414382
414383
414384
414385
414386
414387
414388
414389
414390
414391
414392
414393
414394
414395
414396
414397
414398
414399
414400
414401
414402
414403
414404
414405
414406
414407
414408
414409
414410
414411
414412
414413
414414
414415
414416
414417
414418
414419
414420
414421
414422
414423
414424
414425
414426
414427
414428
414429
414431
414432
414433
414434
414435
414436
414437
414438
414439
414440
414441
414442
414443
414444
414445
414446
414447
414448
414449
414450
414451
414452
414453
414454
414455
414456
414457
414458
414459
414460
414461
414462
414463
414464
414465
414466
414467
414468
414469
414470
414471
414472
414473
414474
414475
414476
414477
414478
414479
414480
414481
414482
414483
414484
414485
414486
414487
414489
414490
414491
414492
414493
414494
414495
414496
414497
414498
414499
414500
414501
414502
414503
414504
414505
414506
414507
414508
414509
414510
414511
414512
414513
414514
414515
414516
414517
414518
414519
414520
414521
414522
414523
414524
414525
414526
414527
414528
414529
414530
414531
414532
414533
414534
414535
414536
414537
414540
414541
414542
414543
414544
414545
414546
414547
414548
414549
414550
414551
414552
414553
414554
414555
414556
414557
414558
414559
414560
414561
414562
414563
414564
414565
414566
414567
414568
414569
414570
414571
414572
414573
414574
414575
414576
414577
414578
414579
414580
414581
414582
414583
414584
414585
414586
414587
414588
414589
414590
414591
414592
414593
414594
414595
414596
414597
414598
414599
414600
414601
414602
414603
414604
414605
414606
414607
414608
414609
414610
414611
414612
414613
414614
414615
414616
414617
414618
414619
414620
414621
414622
414623
414624
414625
414626
414627
414628
414629
414630
414631
414632
414633
414634
414635
414636
414637
414638
414639
414640
414641
414642
414643
414644
414645
414646
414647
414648
414649
414650
414651
414652
414653
414654
414655
414656
414657
414658
414659
414660
414661
414662
414663
414664
414665
414666
414667
414668
414669
414670
414671
414672
414673
414674
414675
414676
414677
414678
414679
414680
414681
414682
414683
414684
414685
414686
414687
414688
414689
414690
414691
414692
414693
414694
414695
414696
414697
414698
414699
414700
414701
414702
414703
414704
414705
414706
414707
414708
414709
414710
414711
414712
414713
414714
414715
414716
414717
414718
414719
414720
414721
414722
414723
414724
414725
414726
414727
414728
414729
414730
414731
414732
414733
414734
414735
414736
414737
414738
414739
414740
414741
414742
414743
414744
414745
414746
414747
414748
414749
414750
414751
414752
414753
414754
414755
414756
414757
414758
414759
414760
414761
414762
414763
414764
414765
414766
414767
414768
414769
414770
414771
414772
414773
414774
414775
414776
414777
414778
414779
414780
414781
414782
414783
414784
414785
414786
414787
414788
414789
414790
414791
414792
414793
414794
414795
414796
414797
414798
414799
414800
414801
414802
414803
414804
414805
414806
414807
414808
414809
414810
414811
414812
414813
414814
414815
414816
414817
414818
414819
414820
414821
414822
414823
414824
414825
414826
414827
414828
414829
414830
414831
414832
414833
414834
414835
414836
414837
414838
414839
414840
414841
414842
414843
414844
414845
414846
414847
414848
414849
414850
414851
414852
414853
414854
414855
414856
414857
414858
414859
414860
414861
414862
414863
414864
414865
414866
414867
414868
414869
414871
414872
414873
414874
414875
414876
414877
414878
414879
414880
414881
414882
414883
414884
414885
414886
414887
414888
414889
414890
414891
414892
414893
414894
414895
414896
414897
414898
414899
414900
414901
414902
414903
414904
414905
414906
414907
414908
414909
414910
414911
414912
414913
414914
414915
414916
414917
414918
414919
414920
414921
414922
414923
414924
414925
414926
414927
414928
414929
414930
414931
414932
414933
414934
414935
414936
414937
414938
414939
414940
414941
414942
414943
414944
414945
414946
414947
414948
414949
414950
414951
414952
414953
414954
414955
414956
414957
414958
414959
414960
414961
414962
414963
414964
414965
414966
414967
414968
414969
414970
414971
414972
414973
414974
414975
414976
414977
414978
414979
414980
414981
414982
414983
414984
414985
414986
414987
414988
414989
414990
414991
414992
414993
414994
414995
414996
414997
414998
414999
415000
415001
415002
415003
415004
415005
415006
415007
415008
415009
415010
415011
415012
415013
415014
415015
415016
415017
415018
415019
415020
415021
415022
415023
415024
415025
415026
415027
415028
415029
415030
415031
415032
415033
415034
415035
415036
415037
415038
415039
415040
415041
415042
415043
415044
415045
415046
415047
415048
415049
415050
415051
415052
415053
415054
415055
415056
415057
415058
415059
415060
415061
415062
415063
415064
415065
415066
415067
415068
415069
415070
415071
415072
415073
415074
415075
415076
415077
415078
415079
415080
415081
415082
415083
415084
415085
415086
415087
415088
415089
415090
415091
415092
415093
415094
415095
415096
415097
415098
415099
415100
415101
415102
415103
415104
415105
415106
415107
415108
415109
415111
415112
415113
415114
415115
415116
415117
415118
415119
415120
415121
415122
415123
415124
415125
415126
415127
415128
415129
415130
415131
415132
415133
415134
415135
415136
415137
415138
415139
415140
415141
415142
415143
415144
415145
415146
415147
415148
415149
415150
415151
415152
415153
415154
415155
415156
415157
415158
415159
415160
415161
415163
415164
415165
415166
415167
415168
415169
415170
415171
415172
415173
415174
415175
415176
415177
415178
415179
415180
415181
415182
415183
415184
415185
415186
415188
415189
415190
415191
415192
415193
415194
415195
415196
415197
415198
415199
415200
415201
415202
415203
415204
415205
415206
415207
415208
415209
415210
415211
415212
415213
415214
415215
415216
415217
415218
415219
415220
415221
415222
415223
415224
415225
415226
415227
415228
415229
415230
415231
415232
415233
415234
415235
415236
415237
415238
415239
415240
415241
415242
415243
415244
415245
415246
415247
415248
415249
415250
415251
415252
415253
415254
415255
415256
415257
415258
415259
415260
415261
415262
415263
415264
415265
415266
415267
415268
415269
415270
415271
415272
415273
415274
415275
415276
415277
415278
415279
415280
415281
415282
415283
415284
415285
415286
415287
415288
415289
415290
415291
415292
415293
415294
415295
415296
415297
415298
415299
415300
415301
415302
415303
415304
415305
415306
415307
415308
415309
415310
415311
415312
415313
415314
415315
415316
415317
415318
415319
415320
415321
415322
415323
415324
415325
415326
415327
415328
415329
415330
415331
415332
415333
415334
415335
415336
415337
415338
415340
415341
415342
415343
415344
415345
415346
415347
415348
415349
415350
415351
415352
415353
415354
415355
415356
415357
415358
415359
415360
415361
415362
415363
415364
415365
415366
415367
415368
415369
415370
415371
415372
415373
415374
415375
415376
415377
415378
415379
415380
415381
415382
415383
415384
415385
415386
415387
415388
415389
415390
415391
415392
415393
415394
415395
415396
415397
415398
415399
415400
415401
415402
415403
415404
415405
415406
415407
415408
415409
415410
415411
415412
415413
415414
415415
415416
415417
415418
415419
415420
415421
415422
415429
415430
415431
415432
415433
415434
415435
415436
415437
415438
415439
415440
415441
415442
415443
415444
415445
415446
415447
415448
415449
415450
415451
415452
415453
415454
415455
415456
415457
415458
415459
415460
415461
415463
415464
415465
415466
415467
415468
415469
415470
415471
415472
415473
415474
415475
415476
415477
415478
415479
415480
415481
415482
415483
415484
415485
415486
415487
415488
415489
415490
415491
415492
415493
415494
415495
415496
415497
415498
415499
415500
415501
415502
415503
415504
415505
415506
415507
415508
415509
415510
415511
415512
415513
415514
415515
415516
415517
415518
415519
415520
415521
415522
415523
415524
415525
415526
415527
415528
415529
415530
415531
415532
415533
415534
415535
415536
415537
415538
415539
415540
415541
415542
415543
415544
415545
415546
415547
415548
415549
415550
415551
415552
415553
415554
415555
415556
415557
415558
415559
415560
415562
415563
415564
415565
415566
415567
415568
415569
415570
415571
415572
415573
415574
415575
415576
415577
415578
415579
415580
415581
415582
415583
415584
415585
415586
415587
415588
415589
415590
415591
415592
415593
415594
415595
415596
415597
415598
415599
415600
415601
415602
415603
415604
415605
415606
415607
415608
415609
415610
415611
415612
415613
415614
415615
415616
415617
415618
415619
415620
415621
415622
415623
415624
415625
415626
415627
415628
415629
415630
415631
415632
415633
415634
415635
415636
415637
415638
415639
415640
415641
415642
415643
415644
415645
415646
415647
415648
415649
415650
415651
415652
415653
415654
415655
415656
415657
415658
415659
415660
415661
415662
415663
415664
415665
415666
415667
415668
415669
415670
415671
415672
415673
415674
415675
415676
415677
415678
415679
415680
415681
415682
415683